State Space considered is : [0, 1, 2] 

Q-matrix entered is : 
 [[-1.    0.67  0.33]
 [ 0.5  -1.    0.5 ]
 [ 0.33  0.67 -1.  ]] 

TPM-matrix for given Q-matrix is: 
 [[ 0.    0.67  0.33]
 [ 0.5   0.    0.5 ]
 [ 0.33  0.67  0.  ]]

Enter initial state: 1

Enter Time-Horizon: 100

 Time sequence is: 
 
[0.9780942053513174, 1.16487456178187, 1.9676819617812793, 3.2451063541145917, 6.474037953828483, 6.494296956724601, 7.081946469970123, 7.880054135709141, 8.195142594561455, 9.026228408886325, 9.732697954297413, 12.374857987855963, 15.538494525324168, 18.19125795497593, 18.278673480922986, 20.892784163717103, 21.234911243443282, 21.696831479666137, 21.88658185455044, 21.980390231223154, 23.040525817940676, 23.126995225396477, 24.785803488544744, 25.05927315709516, 25.070800902125413, 25.33772442689388, 25.714524993351837, 28.259208282942907, 29.29470063551993, 30.095024306514194, 33.05976764482156, 33.18261363058294, 35.75376197746656, 35.81570882859313, 36.64872807670155, 39.78284451657686, 40.08548280021647, 41.45004522339851, 41.7040847243215, 42.62447731628564, 43.019904841458974, 44.84937070110597, 45.06515724336685, 45.243063709967856, 45.34168968974696, 46.33380167502618, 46.44217009585664, 46.7216906187336, 46.97109950466911, 47.1593432827688, 47.544504023212056, 47.754979562622445, 48.76759924545903, 49.49456859130148, 50.298259829860356, 50.45089505943414, 50.46501054386757, 50.71752624705407, 51.77807125495903, 52.23850655677919, 52.52374153881575, 53.053825947702876, 53.2578189485321, 54.5283444222124, 55.64120080218228, 58.97173407261431, 59.54852172582438, 61.73523111655127, 61.95995488447435, 62.73990920112126, 66.62033086881597, 68.18632339415225, 70.78136526776723, 71.2822291645903, 71.57591390748351, 71.94188190833611, 73.92151217128992, 73.97971447328024, 75.65904661711278, 75.81552343537426, 77.65992834920048, 78.6809665370973, 79.34293658794272, 79.86429539105232, 81.00914674297611, 81.28967884550948, 81.70483227339552, 85.20903719223278, 86.95271841079439, 88.09791295308231, 88.59156834427667, 88.83986181513377, 89.16184107055652, 89.5771998018569, 89.6084682490728, 89.87967451804224, 94.31438580129627, 94.96020039327577, 95.11169552161834, 96.85824892404891, 97.55089549223038] 

Last element of time sequence is:  100.27054660641932 

Embeded Chain for given Q-matrix is :

 [2, 0, 1, 2, 0, 1, 2, 1, 0, 1, 2, 1, 0, 1, 2, 1, 2, 1, 2, 1, 2, 1, 0, 2, 0, 1, 2, 0, 1, 0, 1, 0, 1, 0, 1, 2, 1, 2, 1, 0, 1, 0, 1, 2, 1, 0, 2, 1, 2, 0, 1, 0, 1, 0, 1, 0, 1, 2, 1, 2, 0, 1, 2, 1, 0, 1, 0, 1, 0, 2, 1, 0, 1, 2, 1, 2, 0, 1, 2, 1, 2, 1, 2, 1, 2, 1, 2, 0, 1, 0, 1, 0, 1, 0, 1, 0, 1, 0, 2, 0, 2]